{
 "cells": [
  {
   "cell_type": "code",
   "execution_count": 1,
   "metadata": {},
   "outputs": [
    {
     "name": "stderr",
     "output_type": "stream",
     "text": [
      "/home/admin-u6015325/anaconda3/lib/python3.7/site-packages/statsmodels/tools/_testing.py:19: FutureWarning: pandas.util.testing is deprecated. Use the functions in the public API at pandas.testing instead.\n",
      "  import pandas.util.testing as tm\n"
     ]
    }
   ],
   "source": [
    "# direct to proper path\n",
    "import os\n",
    "import sys\n",
    "module_path = os.path.abspath(os.path.join('../..'))\n",
    "if module_path not in sys.path:\n",
    "    sys.path.append(module_path)\n",
    "    \n",
    "import numpy as np\n",
    "import pandas as pd\n",
    "import matplotlib.pyplot as plt\n",
    "import seaborn as sns\n",
    "import itertools\n",
    "from collections import defaultdict\n",
    "import math\n",
    "import json\n",
    "import xarray as xr\n",
    "\n",
    "from sklearn.gaussian_process import GaussianProcessRegressor\n",
    "from sklearn.gaussian_process.kernels import PairwiseKernel, DotProduct, RBF \n",
    "from sklearn.kernel_ridge import KernelRidge\n",
    "from sklearn.metrics import r2_score, mean_squared_error, make_scorer\n",
    "from sklearn.model_selection import KFold\n",
    "\n",
    "from codes.embedding import Embedding\n",
    "from codes.environment import Rewards_env\n",
    "from codes.ucb import GPUCB, Random\n",
    "from codes.evaluations import evaluate, plot_eva\n",
    "from codes.regression import *\n",
    "from codes.kernels_for_GPK import *\n",
    "\n",
    "from ipywidgets import IntProgress\n",
    "from IPython.display import display\n",
    "import warnings\n",
    "%matplotlib inline"
   ]
  },
  {
   "cell_type": "markdown",
   "metadata": {},
   "source": [
    "## debug kernel centering"
   ]
  },
  {
   "cell_type": "code",
   "execution_count": 2,
   "metadata": {},
   "outputs": [],
   "source": [
    "def center(kernel):\n",
    "    \"\"\"Center the kernel matrix, such that the mean (in feature space) is zero.\"\"\"\n",
    "    one_mat = np.ones(kernel.shape) # kernel shape, i.e. (n_train+n_test, n_train+n_test)\n",
    "    one_vec = np.ones((kernel.shape[0],)) # (n_train+n_test, 1)\n",
    "\n",
    "    row_sum = np.mean(kernel,axis=0).T # (n_train+n_test, 1)\n",
    "    print(row_sum)\n",
    "    print(row_sum.dot(one_vec.T))\n",
    "    print(one_vec.dot(row_sum.T))\n",
    "    print(np.mean(row_sum)*one_mat)\n",
    "    \n",
    "    kernel_centered = kernel - row_sum.dot(one_vec.T) - one_vec.dot(row_sum.T) +\\\n",
    "            np.mean(row_sum)*one_mat\n",
    "    return kernel_centered"
   ]
  },
  {
   "cell_type": "code",
   "execution_count": 3,
   "metadata": {},
   "outputs": [],
   "source": [
    "from numpy import array, matrix\n",
    "from numpy import zeros, ones, eye, diag\n",
    "from numpy import average, exp, kron, sum\n",
    "from numpy import sqrt, divide, mean, multiply\n",
    "\n",
    "\n",
    "def center(K):\n",
    "    \"\"\"Center the kernel matrix, such that the mean (in feature space) is zero.\"\"\"\n",
    "    one_mat = ones(K.shape) # 10,10\n",
    "    one_vec = ones((K.shape[0],1)) # 10,1\n",
    "\n",
    "    row_sum = mean(K,axis=0).T # 10,\n",
    "    row_sum = row_sum.reshape(row_sum.shape[0],1) # 10,1\n",
    "    R = K - row_sum.dot(one_vec.T) - one_vec.dot(row_sum.T) +\\\n",
    "        mean(row_sum)*one_mat\n",
    "    return R\n"
   ]
  },
  {
   "cell_type": "code",
   "execution_count": 4,
   "metadata": {},
   "outputs": [
    {
     "data": {
      "text/plain": [
       "array([[2.41612945, 0.97291083, 1.60237559, 2.35044419, 0.59912471,\n",
       "        1.18450833, 1.45325116, 1.00322145, 1.34635624, 1.96171773],\n",
       "       [0.97291083, 0.95385046, 0.4064414 , 1.31134473, 0.54266624,\n",
       "        0.40200504, 0.43979528, 0.49872361, 0.56640337, 0.80877201],\n",
       "       [1.60237559, 0.4064414 , 1.39621791, 1.2870571 , 0.32411612,\n",
       "        0.79045775, 1.17288112, 0.65121555, 0.75049896, 1.21136884],\n",
       "       [2.35044419, 1.31134473, 1.2870571 , 2.71016018, 0.65936103,\n",
       "        0.9405003 , 1.2485813 , 0.85035685, 1.33836686, 2.0530446 ],\n",
       "       [0.59912471, 0.54266624, 0.32411612, 0.65936103, 0.39428787,\n",
       "        0.38643527, 0.31441418, 0.4179261 , 0.37773661, 0.39780957],\n",
       "       [1.18450833, 0.40200504, 0.79045775, 0.9405003 , 0.38643527,\n",
       "        0.8671803 , 0.70921583, 0.68831557, 0.80034595, 0.81039363],\n",
       "       [1.45325116, 0.43979528, 1.17288112, 1.2485813 , 0.31441418,\n",
       "        0.70921583, 1.00533924, 0.59186003, 0.71657166, 1.12662714],\n",
       "       [1.00322145, 0.49872361, 0.65121555, 0.85035685, 0.4179261 ,\n",
       "        0.68831557, 0.59186003, 0.69833386, 0.56962839, 0.71492965],\n",
       "       [1.34635624, 0.56640337, 0.75049896, 1.33836686, 0.37773661,\n",
       "        0.80034595, 0.71657166, 0.56962839, 0.94872499, 1.04289301],\n",
       "       [1.96171773, 0.80877201, 1.21136884, 2.0530446 , 0.39780957,\n",
       "        0.81039363, 1.12662714, 0.71492965, 1.04289301, 1.72253126]])"
      ]
     },
     "execution_count": 4,
     "metadata": {},
     "output_type": "execute_result"
    }
   ],
   "source": [
    "phi = np.random.rand(10,5) # 10,5\n",
    "k = phi.dot(phi.T) # 10,10\n",
    "k"
   ]
  },
  {
   "cell_type": "code",
   "execution_count": 5,
   "metadata": {},
   "outputs": [
    {
     "data": {
      "text/plain": [
       "(array([-9.01138324e-17, -3.48959146e-17,  1.12519868e-17,  8.61271317e-17,\n",
       "         3.55452850e-16,  9.76579728e-02,  1.64239670e-01,  4.37855324e-01,\n",
       "         1.18755975e+00,  1.83557308e+00]),\n",
       " array([[-0.03889188,  0.12267927, -0.04744143, -0.10448244,  0.65479275,\n",
       "          0.48965433, -0.30524315,  0.15488321,  0.12996881, -0.40951307],\n",
       "        [-0.10175564, -0.53380236, -0.0364036 ,  0.26755084,  0.37320961,\n",
       "          0.14079539,  0.04293235, -0.32576408, -0.5637072 ,  0.2166845 ],\n",
       "        [ 0.3962894 , -0.38992656,  0.38428465, -0.1267576 ,  0.02835184,\n",
       "          0.17056435,  0.18879708, -0.43590376,  0.51786634, -0.05858172],\n",
       "        [-0.20322804, -0.03193153,  0.58182249, -0.14765485, -0.3479594 ,\n",
       "          0.17738952,  0.01961443,  0.01359389, -0.42918043, -0.50995219],\n",
       "        [ 0.12217585,  0.5908406 ,  0.43233134, -0.22126942,  0.30375717,\n",
       "          0.03491208,  0.14362463, -0.18765347, -0.21064305,  0.45432398],\n",
       "        [-0.08280509, -0.0778176 ,  0.47797288,  0.61894504,  0.02154259,\n",
       "          0.13582114, -0.05984759,  0.48575165,  0.21635531,  0.2651023 ],\n",
       "        [-0.84223252,  0.06143636,  0.06075225,  0.01644226,  0.12258268,\n",
       "         -0.10918041,  0.21022838, -0.30858486,  0.34115174, -0.0125218 ],\n",
       "        [-0.18150211, -0.29950229,  0.19163385, -0.46362384, -0.0367912 ,\n",
       "         -0.1532848 , -0.68994426,  0.07013896,  0.05935687,  0.34112923],\n",
       "        [-0.05847508, -0.31347256,  0.02577955, -0.4521845 ,  0.23843159,\n",
       "         -0.10298305,  0.55909594,  0.55490796, -0.02951769,  0.0658989 ],\n",
       "        [ 0.14928061, -0.00729411,  0.23191503,  0.16700051,  0.37963039,\n",
       "         -0.78368854, -0.10925782, -0.0213695 , -0.0316507 , -0.35257013]]))"
      ]
     },
     "execution_count": 5,
     "metadata": {},
     "output_type": "execute_result"
    }
   ],
   "source": [
    "phi_centered = phi - np.mean(phi, axis = 0)\n",
    "k_centered_by_phi = phi_centered.dot(phi_centered.T)\n",
    "np.linalg.eigh(k_centered_by_phi)"
   ]
  },
  {
   "cell_type": "code",
   "execution_count": 6,
   "metadata": {},
   "outputs": [
    {
     "data": {
      "text/plain": [
       "array([[ 0.37710849, -0.26739746,  0.09309556,  0.32550548, -0.39228006,\n",
       "        -0.12344447,  0.02538047, -0.21524665, -0.04941336,  0.22669199],\n",
       "       [-0.26739746,  0.51225484, -0.30412596,  0.08511869,  0.34997415,\n",
       "        -0.10723508, -0.18936274,  0.07896818, -0.03065356, -0.12754106],\n",
       "       [ 0.09309556, -0.30412596,  0.41667881, -0.20814068, -0.13754771,\n",
       "         0.01224589,  0.27475136, -0.03751162, -0.11552971,  0.00608404],\n",
       "       [ 0.32550548,  0.08511869, -0.20814068,  0.69930372, -0.31796148,\n",
       "        -0.35337024, -0.16520713, -0.354029  , -0.04332049,  0.33210111],\n",
       "       [-0.39228006,  0.34997415, -0.13754771, -0.31796148,  0.4504993 ,\n",
       "         0.12609868, -0.06584031,  0.24707419,  0.02958321, -0.28959997],\n",
       "       [-0.12344447, -0.10723508,  0.01224589, -0.35337024,  0.12609868,\n",
       "         0.29029568,  0.01241332,  0.20091564,  0.13564452, -0.19356394],\n",
       "       [ 0.02538047, -0.18936274,  0.27475136, -0.16520713, -0.06584031,\n",
       "         0.01241332,  0.18861883, -0.01545779, -0.06804767,  0.00275167],\n",
       "       [-0.21524665,  0.07896818, -0.03751162, -0.354029  ,  0.24707419,\n",
       "         0.20091564, -0.01545779,  0.30041863, -0.00558835, -0.19954323],\n",
       "       [-0.04941336, -0.03065356, -0.11552971, -0.04332049,  0.02958321,\n",
       "         0.13564452, -0.06804767, -0.00558835,  0.19620676, -0.04888136],\n",
       "       [ 0.22669199, -0.12754106,  0.00608404,  0.33210111, -0.28959997,\n",
       "        -0.19356394,  0.00275167, -0.19954323, -0.04888136,  0.29150074]])"
      ]
     },
     "execution_count": 6,
     "metadata": {},
     "output_type": "execute_result"
    }
   ],
   "source": [
    "k_centered_by_phi"
   ]
  },
  {
   "cell_type": "code",
   "execution_count": 7,
   "metadata": {},
   "outputs": [
    {
     "data": {
      "text/plain": [
       "array([[ 0.37710849, -0.26739746,  0.09309556,  0.32550548, -0.39228006,\n",
       "        -0.12344447,  0.02538047, -0.21524665, -0.04941336,  0.22669199],\n",
       "       [-0.26739746,  0.51225484, -0.30412596,  0.08511869,  0.34997415,\n",
       "        -0.10723508, -0.18936274,  0.07896818, -0.03065356, -0.12754106],\n",
       "       [ 0.09309556, -0.30412596,  0.41667881, -0.20814068, -0.13754771,\n",
       "         0.01224589,  0.27475136, -0.03751162, -0.11552971,  0.00608404],\n",
       "       [ 0.32550548,  0.08511869, -0.20814068,  0.69930372, -0.31796148,\n",
       "        -0.35337024, -0.16520713, -0.354029  , -0.04332049,  0.33210111],\n",
       "       [-0.39228006,  0.34997415, -0.13754771, -0.31796148,  0.4504993 ,\n",
       "         0.12609868, -0.06584031,  0.24707419,  0.02958321, -0.28959997],\n",
       "       [-0.12344447, -0.10723508,  0.01224589, -0.35337024,  0.12609868,\n",
       "         0.29029568,  0.01241332,  0.20091564,  0.13564452, -0.19356394],\n",
       "       [ 0.02538047, -0.18936274,  0.27475136, -0.16520713, -0.06584031,\n",
       "         0.01241332,  0.18861883, -0.01545779, -0.06804767,  0.00275167],\n",
       "       [-0.21524665,  0.07896818, -0.03751162, -0.354029  ,  0.24707419,\n",
       "         0.20091564, -0.01545779,  0.30041863, -0.00558835, -0.19954323],\n",
       "       [-0.04941336, -0.03065356, -0.11552971, -0.04332049,  0.02958321,\n",
       "         0.13564452, -0.06804767, -0.00558835,  0.19620676, -0.04888136],\n",
       "       [ 0.22669199, -0.12754106,  0.00608404,  0.33210111, -0.28959997,\n",
       "        -0.19356394,  0.00275167, -0.19954323, -0.04888136,  0.29150074]])"
      ]
     },
     "execution_count": 7,
     "metadata": {},
     "output_type": "execute_result"
    }
   ],
   "source": [
    "center(k)"
   ]
  },
  {
   "cell_type": "code",
   "execution_count": 8,
   "metadata": {},
   "outputs": [
    {
     "data": {
      "text/plain": [
       "(array([-8.79405295e-16, -1.03972342e-16,  8.40992593e-17,  2.65736005e-16,\n",
       "         6.34686448e-16,  9.76579728e-02,  1.64239670e-01,  4.37855324e-01,\n",
       "         1.18755975e+00,  1.83557308e+00]),\n",
       " array([[-0.2501751 , -0.30047055,  0.112016  , -0.301575  , -0.4495758 ,\n",
       "          0.48965433, -0.30524315,  0.15488321,  0.12996881, -0.40951307],\n",
       "        [-0.11175718,  0.05621142, -0.57147189, -0.11255575, -0.39063404,\n",
       "          0.14079539,  0.04293235, -0.32576408, -0.5637072 ,  0.2166845 ],\n",
       "        [ 0.32183903, -0.33213244, -0.41548293, -0.21963068,  0.19717504,\n",
       "          0.17056435,  0.18879708, -0.43590376,  0.51786634, -0.05858172],\n",
       "        [ 0.70232535,  0.01609281,  0.07434642,  0.15186352,  0.04008195,\n",
       "          0.17738952,  0.01961443,  0.01359389, -0.42918043, -0.50995219],\n",
       "        [ 0.24036434, -0.30195246,  0.57624704, -0.45172249, -0.08422795,\n",
       "          0.03491208,  0.14362463, -0.18765347, -0.21064305,  0.45432398],\n",
       "        [ 0.38864109,  0.49688178, -0.20452765, -0.40241469, -0.15239698,\n",
       "          0.13582114, -0.05984759,  0.48575165,  0.21635531,  0.2651023 ],\n",
       "        [ 0.16274541,  0.24654382,  0.21985162,  0.34593003, -0.69054001,\n",
       "         -0.10918041,  0.21022838, -0.30858486,  0.34115174, -0.0125218 ],\n",
       "        [ 0.29919663, -0.3785251 , -0.12765979,  0.32947163, -0.13423997,\n",
       "         -0.1532848 , -0.68994426,  0.07013896,  0.05935687,  0.34112923],\n",
       "        [ 0.03532317, -0.49918507, -0.18639485,  0.17484399, -0.21891207,\n",
       "         -0.10298305,  0.55909594,  0.55490796, -0.02951769,  0.0658989 ],\n",
       "        [ 0.04485698, -0.06833124, -0.09722058, -0.44755247, -0.17802958,\n",
       "         -0.78368854, -0.10925782, -0.0213695 , -0.0316507 , -0.35257013]]))"
      ]
     },
     "execution_count": 8,
     "metadata": {},
     "output_type": "execute_result"
    }
   ],
   "source": [
    "np.linalg.eigh(center(k))"
   ]
  },
  {
   "cell_type": "markdown",
   "metadata": {},
   "source": [
    "## Plot for regression"
   ]
  },
  {
   "cell_type": "code",
   "execution_count": 9,
   "metadata": {},
   "outputs": [
    {
     "data": {
      "text/html": [
       "<div>\n",
       "<style scoped>\n",
       "    .dataframe tbody tr th:only-of-type {\n",
       "        vertical-align: middle;\n",
       "    }\n",
       "\n",
       "    .dataframe tbody tr th {\n",
       "        vertical-align: top;\n",
       "    }\n",
       "\n",
       "    .dataframe thead th {\n",
       "        text-align: right;\n",
       "    }\n",
       "</style>\n",
       "<table border=\"1\" class=\"dataframe\">\n",
       "  <thead>\n",
       "    <tr style=\"text-align: right;\">\n",
       "      <th></th>\n",
       "      <th>Unnamed: 0</th>\n",
       "      <th>Name</th>\n",
       "      <th>Group</th>\n",
       "      <th>RBS</th>\n",
       "      <th>RBS6</th>\n",
       "      <th>Rep1</th>\n",
       "      <th>Rep2</th>\n",
       "      <th>Rep3</th>\n",
       "      <th>Rep4</th>\n",
       "      <th>Rep5</th>\n",
       "      <th>Rep6</th>\n",
       "      <th>AVERAGE</th>\n",
       "      <th>STD</th>\n",
       "    </tr>\n",
       "  </thead>\n",
       "  <tbody>\n",
       "    <tr>\n",
       "      <th>0</th>\n",
       "      <td>0</td>\n",
       "      <td>RBS_1by1_0</td>\n",
       "      <td>reference</td>\n",
       "      <td>TTTAAGAAGGAGATATACAT</td>\n",
       "      <td>AGGAGA</td>\n",
       "      <td>1.616261</td>\n",
       "      <td>1.814182</td>\n",
       "      <td>1.760954</td>\n",
       "      <td>2.186207</td>\n",
       "      <td>2.028863</td>\n",
       "      <td>1.831982</td>\n",
       "      <td>1.881293</td>\n",
       "      <td>0.225819</td>\n",
       "    </tr>\n",
       "    <tr>\n",
       "      <th>1</th>\n",
       "      <td>1</td>\n",
       "      <td>RBS_1by1_1</td>\n",
       "      <td>bps_noncore</td>\n",
       "      <td>CTTAAGAAGGAGATATACAT</td>\n",
       "      <td>AGGAGA</td>\n",
       "      <td>1.166174</td>\n",
       "      <td>1.337018</td>\n",
       "      <td>1.417248</td>\n",
       "      <td>1.493800</td>\n",
       "      <td>1.713526</td>\n",
       "      <td>1.644568</td>\n",
       "      <td>1.425553</td>\n",
       "      <td>0.201725</td>\n",
       "    </tr>\n",
       "    <tr>\n",
       "      <th>2</th>\n",
       "      <td>2</td>\n",
       "      <td>RBS_1by1_2</td>\n",
       "      <td>bps_noncore</td>\n",
       "      <td>GTTAAGAAGGAGATATACAT</td>\n",
       "      <td>AGGAGA</td>\n",
       "      <td>0.604551</td>\n",
       "      <td>0.751384</td>\n",
       "      <td>0.851987</td>\n",
       "      <td>0.514929</td>\n",
       "      <td>0.577299</td>\n",
       "      <td>0.795227</td>\n",
       "      <td>0.660030</td>\n",
       "      <td>0.137994</td>\n",
       "    </tr>\n",
       "    <tr>\n",
       "      <th>3</th>\n",
       "      <td>3</td>\n",
       "      <td>RBS_1by1_3</td>\n",
       "      <td>bps_noncore</td>\n",
       "      <td>ATTAAGAAGGAGATATACAT</td>\n",
       "      <td>AGGAGA</td>\n",
       "      <td>1.221264</td>\n",
       "      <td>1.466278</td>\n",
       "      <td>1.270212</td>\n",
       "      <td>1.341040</td>\n",
       "      <td>1.395030</td>\n",
       "      <td>1.175433</td>\n",
       "      <td>1.338765</td>\n",
       "      <td>0.097386</td>\n",
       "    </tr>\n",
       "    <tr>\n",
       "      <th>4</th>\n",
       "      <td>4</td>\n",
       "      <td>RBS_1by1_4</td>\n",
       "      <td>bps_noncore</td>\n",
       "      <td>TCTAAGAAGGAGATATACAT</td>\n",
       "      <td>AGGAGA</td>\n",
       "      <td>1.160566</td>\n",
       "      <td>1.579025</td>\n",
       "      <td>1.171829</td>\n",
       "      <td>1.590670</td>\n",
       "      <td>1.411255</td>\n",
       "      <td>1.756862</td>\n",
       "      <td>1.382669</td>\n",
       "      <td>0.210012</td>\n",
       "    </tr>\n",
       "    <tr>\n",
       "      <th>5</th>\n",
       "      <td>5</td>\n",
       "      <td>RBS_1by1_5</td>\n",
       "      <td>bps_noncore</td>\n",
       "      <td>TGTAAGAAGGAGATATACAT</td>\n",
       "      <td>AGGAGA</td>\n",
       "      <td>0.288674</td>\n",
       "      <td>0.268222</td>\n",
       "      <td>0.486638</td>\n",
       "      <td>0.254308</td>\n",
       "      <td>0.342162</td>\n",
       "      <td>0.501763</td>\n",
       "      <td>0.328001</td>\n",
       "      <td>0.094759</td>\n",
       "    </tr>\n",
       "    <tr>\n",
       "      <th>6</th>\n",
       "      <td>6</td>\n",
       "      <td>RBS_1by1_6</td>\n",
       "      <td>bps_noncore</td>\n",
       "      <td>TATAAGAAGGAGATATACAT</td>\n",
       "      <td>AGGAGA</td>\n",
       "      <td>1.003687</td>\n",
       "      <td>1.116599</td>\n",
       "      <td>0.851400</td>\n",
       "      <td>0.866754</td>\n",
       "      <td>1.075506</td>\n",
       "      <td>1.462978</td>\n",
       "      <td>0.982789</td>\n",
       "      <td>0.120068</td>\n",
       "    </tr>\n",
       "    <tr>\n",
       "      <th>7</th>\n",
       "      <td>8</td>\n",
       "      <td>RBS_1by1_8</td>\n",
       "      <td>bps_noncore</td>\n",
       "      <td>TTGAAGAAGGAGATATACAT</td>\n",
       "      <td>AGGAGA</td>\n",
       "      <td>1.138820</td>\n",
       "      <td>1.342549</td>\n",
       "      <td>NaN</td>\n",
       "      <td>1.626269</td>\n",
       "      <td>1.423415</td>\n",
       "      <td>1.806580</td>\n",
       "      <td>1.382763</td>\n",
       "      <td>0.201720</td>\n",
       "    </tr>\n",
       "    <tr>\n",
       "      <th>8</th>\n",
       "      <td>9</td>\n",
       "      <td>RBS_1by1_9</td>\n",
       "      <td>bps_noncore</td>\n",
       "      <td>TTAAAGAAGGAGATATACAT</td>\n",
       "      <td>AGGAGA</td>\n",
       "      <td>0.508605</td>\n",
       "      <td>0.646307</td>\n",
       "      <td>1.153507</td>\n",
       "      <td>0.488646</td>\n",
       "      <td>0.406578</td>\n",
       "      <td>0.583543</td>\n",
       "      <td>0.640728</td>\n",
       "      <td>0.299326</td>\n",
       "    </tr>\n",
       "    <tr>\n",
       "      <th>9</th>\n",
       "      <td>10</td>\n",
       "      <td>RBS_1by1_10</td>\n",
       "      <td>bps_noncore</td>\n",
       "      <td>TTTCAGAAGGAGATATACAT</td>\n",
       "      <td>AGGAGA</td>\n",
       "      <td>1.119059</td>\n",
       "      <td>0.876151</td>\n",
       "      <td>0.624684</td>\n",
       "      <td>1.321343</td>\n",
       "      <td>1.066000</td>\n",
       "      <td>1.621663</td>\n",
       "      <td>1.001447</td>\n",
       "      <td>0.263620</td>\n",
       "    </tr>\n",
       "    <tr>\n",
       "      <th>10</th>\n",
       "      <td>11</td>\n",
       "      <td>RBS_1by1_11</td>\n",
       "      <td>bps_noncore</td>\n",
       "      <td>TTTGAGAAGGAGATATACAT</td>\n",
       "      <td>AGGAGA</td>\n",
       "      <td>1.283911</td>\n",
       "      <td>1.539243</td>\n",
       "      <td>1.148575</td>\n",
       "      <td>1.494674</td>\n",
       "      <td>1.453310</td>\n",
       "      <td>1.537578</td>\n",
       "      <td>1.383943</td>\n",
       "      <td>0.163245</td>\n",
       "    </tr>\n",
       "    <tr>\n",
       "      <th>11</th>\n",
       "      <td>12</td>\n",
       "      <td>RBS_1by1_12</td>\n",
       "      <td>bps_noncore</td>\n",
       "      <td>TTTTAGAAGGAGATATACAT</td>\n",
       "      <td>AGGAGA</td>\n",
       "      <td>1.317209</td>\n",
       "      <td>1.235531</td>\n",
       "      <td>1.308021</td>\n",
       "      <td>1.266237</td>\n",
       "      <td>1.101277</td>\n",
       "      <td>1.524180</td>\n",
       "      <td>1.245655</td>\n",
       "      <td>0.087150</td>\n",
       "    </tr>\n",
       "    <tr>\n",
       "      <th>12</th>\n",
       "      <td>13</td>\n",
       "      <td>RBS_1by1_13</td>\n",
       "      <td>bps_noncore</td>\n",
       "      <td>TTTACGAAGGAGATATACAT</td>\n",
       "      <td>AGGAGA</td>\n",
       "      <td>1.160075</td>\n",
       "      <td>1.204046</td>\n",
       "      <td>1.304789</td>\n",
       "      <td>1.434101</td>\n",
       "      <td>1.162095</td>\n",
       "      <td>1.708378</td>\n",
       "      <td>1.253021</td>\n",
       "      <td>0.117020</td>\n",
       "    </tr>\n",
       "    <tr>\n",
       "      <th>13</th>\n",
       "      <td>14</td>\n",
       "      <td>RBS_1by1_14</td>\n",
       "      <td>bps_noncore</td>\n",
       "      <td>TTTAGGAAGGAGATATACAT</td>\n",
       "      <td>AGGAGA</td>\n",
       "      <td>1.024250</td>\n",
       "      <td>1.181544</td>\n",
       "      <td>1.322261</td>\n",
       "      <td>1.297957</td>\n",
       "      <td>0.964613</td>\n",
       "      <td>1.304309</td>\n",
       "      <td>1.158125</td>\n",
       "      <td>0.160009</td>\n",
       "    </tr>\n",
       "    <tr>\n",
       "      <th>14</th>\n",
       "      <td>15</td>\n",
       "      <td>RBS_1by1_15</td>\n",
       "      <td>bps_noncore</td>\n",
       "      <td>TTTATGAAGGAGATATACAT</td>\n",
       "      <td>AGGAGA</td>\n",
       "      <td>0.533003</td>\n",
       "      <td>0.421151</td>\n",
       "      <td>1.001151</td>\n",
       "      <td>0.530198</td>\n",
       "      <td>0.271214</td>\n",
       "      <td>0.396950</td>\n",
       "      <td>0.551343</td>\n",
       "      <td>0.273191</td>\n",
       "    </tr>\n",
       "    <tr>\n",
       "      <th>15</th>\n",
       "      <td>16</td>\n",
       "      <td>RBS_1by1_16</td>\n",
       "      <td>bps_noncore</td>\n",
       "      <td>TTTAACAAGGAGATATACAT</td>\n",
       "      <td>AGGAGA</td>\n",
       "      <td>0.736579</td>\n",
       "      <td>0.804503</td>\n",
       "      <td>0.636605</td>\n",
       "      <td>0.707205</td>\n",
       "      <td>0.776160</td>\n",
       "      <td>1.083045</td>\n",
       "      <td>0.732210</td>\n",
       "      <td>0.065082</td>\n",
       "    </tr>\n",
       "    <tr>\n",
       "      <th>16</th>\n",
       "      <td>17</td>\n",
       "      <td>RBS_1by1_17</td>\n",
       "      <td>bps_noncore</td>\n",
       "      <td>TTTAAAAAGGAGATATACAT</td>\n",
       "      <td>AGGAGA</td>\n",
       "      <td>0.650018</td>\n",
       "      <td>0.505835</td>\n",
       "      <td>0.281489</td>\n",
       "      <td>0.549573</td>\n",
       "      <td>0.517683</td>\n",
       "      <td>0.992209</td>\n",
       "      <td>0.500920</td>\n",
       "      <td>0.135141</td>\n",
       "    </tr>\n",
       "    <tr>\n",
       "      <th>17</th>\n",
       "      <td>18</td>\n",
       "      <td>RBS_1by1_18</td>\n",
       "      <td>bps_noncore</td>\n",
       "      <td>TTTAATAAGGAGATATACAT</td>\n",
       "      <td>AGGAGA</td>\n",
       "      <td>0.693727</td>\n",
       "      <td>0.713169</td>\n",
       "      <td>0.411991</td>\n",
       "      <td>0.714282</td>\n",
       "      <td>0.607079</td>\n",
       "      <td>0.874170</td>\n",
       "      <td>0.628049</td>\n",
       "      <td>0.128565</td>\n",
       "    </tr>\n",
       "    <tr>\n",
       "      <th>18</th>\n",
       "      <td>19</td>\n",
       "      <td>RBS_1by1_19</td>\n",
       "      <td>bps_noncore</td>\n",
       "      <td>TTTAAGCAGGAGATATACAT</td>\n",
       "      <td>AGGAGA</td>\n",
       "      <td>0.384834</td>\n",
       "      <td>0.266060</td>\n",
       "      <td>0.582967</td>\n",
       "      <td>0.365430</td>\n",
       "      <td>0.369579</td>\n",
       "      <td>0.667456</td>\n",
       "      <td>0.393774</td>\n",
       "      <td>0.115730</td>\n",
       "    </tr>\n",
       "    <tr>\n",
       "      <th>19</th>\n",
       "      <td>20</td>\n",
       "      <td>RBS_1by1_20</td>\n",
       "      <td>bps_noncore</td>\n",
       "      <td>TTTAAGGAGGAGATATACAT</td>\n",
       "      <td>AGGAGA</td>\n",
       "      <td>0.699967</td>\n",
       "      <td>1.266589</td>\n",
       "      <td>0.598529</td>\n",
       "      <td>0.954899</td>\n",
       "      <td>0.426798</td>\n",
       "      <td>1.242676</td>\n",
       "      <td>0.789356</td>\n",
       "      <td>0.328256</td>\n",
       "    </tr>\n",
       "  </tbody>\n",
       "</table>\n",
       "</div>"
      ],
      "text/plain": [
       "    Unnamed: 0         Name        Group                   RBS    RBS6  \\\n",
       "0            0   RBS_1by1_0    reference  TTTAAGAAGGAGATATACAT  AGGAGA   \n",
       "1            1   RBS_1by1_1  bps_noncore  CTTAAGAAGGAGATATACAT  AGGAGA   \n",
       "2            2   RBS_1by1_2  bps_noncore  GTTAAGAAGGAGATATACAT  AGGAGA   \n",
       "3            3   RBS_1by1_3  bps_noncore  ATTAAGAAGGAGATATACAT  AGGAGA   \n",
       "4            4   RBS_1by1_4  bps_noncore  TCTAAGAAGGAGATATACAT  AGGAGA   \n",
       "5            5   RBS_1by1_5  bps_noncore  TGTAAGAAGGAGATATACAT  AGGAGA   \n",
       "6            6   RBS_1by1_6  bps_noncore  TATAAGAAGGAGATATACAT  AGGAGA   \n",
       "7            8   RBS_1by1_8  bps_noncore  TTGAAGAAGGAGATATACAT  AGGAGA   \n",
       "8            9   RBS_1by1_9  bps_noncore  TTAAAGAAGGAGATATACAT  AGGAGA   \n",
       "9           10  RBS_1by1_10  bps_noncore  TTTCAGAAGGAGATATACAT  AGGAGA   \n",
       "10          11  RBS_1by1_11  bps_noncore  TTTGAGAAGGAGATATACAT  AGGAGA   \n",
       "11          12  RBS_1by1_12  bps_noncore  TTTTAGAAGGAGATATACAT  AGGAGA   \n",
       "12          13  RBS_1by1_13  bps_noncore  TTTACGAAGGAGATATACAT  AGGAGA   \n",
       "13          14  RBS_1by1_14  bps_noncore  TTTAGGAAGGAGATATACAT  AGGAGA   \n",
       "14          15  RBS_1by1_15  bps_noncore  TTTATGAAGGAGATATACAT  AGGAGA   \n",
       "15          16  RBS_1by1_16  bps_noncore  TTTAACAAGGAGATATACAT  AGGAGA   \n",
       "16          17  RBS_1by1_17  bps_noncore  TTTAAAAAGGAGATATACAT  AGGAGA   \n",
       "17          18  RBS_1by1_18  bps_noncore  TTTAATAAGGAGATATACAT  AGGAGA   \n",
       "18          19  RBS_1by1_19  bps_noncore  TTTAAGCAGGAGATATACAT  AGGAGA   \n",
       "19          20  RBS_1by1_20  bps_noncore  TTTAAGGAGGAGATATACAT  AGGAGA   \n",
       "\n",
       "        Rep1      Rep2      Rep3      Rep4      Rep5      Rep6   AVERAGE  \\\n",
       "0   1.616261  1.814182  1.760954  2.186207  2.028863  1.831982  1.881293   \n",
       "1   1.166174  1.337018  1.417248  1.493800  1.713526  1.644568  1.425553   \n",
       "2   0.604551  0.751384  0.851987  0.514929  0.577299  0.795227  0.660030   \n",
       "3   1.221264  1.466278  1.270212  1.341040  1.395030  1.175433  1.338765   \n",
       "4   1.160566  1.579025  1.171829  1.590670  1.411255  1.756862  1.382669   \n",
       "5   0.288674  0.268222  0.486638  0.254308  0.342162  0.501763  0.328001   \n",
       "6   1.003687  1.116599  0.851400  0.866754  1.075506  1.462978  0.982789   \n",
       "7   1.138820  1.342549       NaN  1.626269  1.423415  1.806580  1.382763   \n",
       "8   0.508605  0.646307  1.153507  0.488646  0.406578  0.583543  0.640728   \n",
       "9   1.119059  0.876151  0.624684  1.321343  1.066000  1.621663  1.001447   \n",
       "10  1.283911  1.539243  1.148575  1.494674  1.453310  1.537578  1.383943   \n",
       "11  1.317209  1.235531  1.308021  1.266237  1.101277  1.524180  1.245655   \n",
       "12  1.160075  1.204046  1.304789  1.434101  1.162095  1.708378  1.253021   \n",
       "13  1.024250  1.181544  1.322261  1.297957  0.964613  1.304309  1.158125   \n",
       "14  0.533003  0.421151  1.001151  0.530198  0.271214  0.396950  0.551343   \n",
       "15  0.736579  0.804503  0.636605  0.707205  0.776160  1.083045  0.732210   \n",
       "16  0.650018  0.505835  0.281489  0.549573  0.517683  0.992209  0.500920   \n",
       "17  0.693727  0.713169  0.411991  0.714282  0.607079  0.874170  0.628049   \n",
       "18  0.384834  0.266060  0.582967  0.365430  0.369579  0.667456  0.393774   \n",
       "19  0.699967  1.266589  0.598529  0.954899  0.426798  1.242676  0.789356   \n",
       "\n",
       "         STD  \n",
       "0   0.225819  \n",
       "1   0.201725  \n",
       "2   0.137994  \n",
       "3   0.097386  \n",
       "4   0.210012  \n",
       "5   0.094759  \n",
       "6   0.120068  \n",
       "7   0.201720  \n",
       "8   0.299326  \n",
       "9   0.263620  \n",
       "10  0.163245  \n",
       "11  0.087150  \n",
       "12  0.117020  \n",
       "13  0.160009  \n",
       "14  0.273191  \n",
       "15  0.065082  \n",
       "16  0.135141  \n",
       "17  0.128565  \n",
       "18  0.115730  \n",
       "19  0.328256  "
      ]
     },
     "execution_count": 9,
     "metadata": {},
     "output_type": "execute_result"
    }
   ],
   "source": [
    "Path = '../../data/firstRound_Microplate_normTrue_formatSeq_logTrue.csv'\n",
    "\n",
    "df = pd.read_csv(Path)\n",
    "df.head(20)"
   ]
  },
  {
   "cell_type": "code",
   "execution_count": 10,
   "metadata": {},
   "outputs": [
    {
     "name": "stdout",
     "output_type": "stream",
     "text": [
      "X train shape:  (845, 20)\n",
      "X test shape:  (210, 20)\n",
      "create kernel instance\n",
      "finish creating kernel instance\n",
      "<function mean_squared_error at 0x7fc7b0219a60>\n",
      "Train:  7.501359740330957e-28\n",
      "Test:  0.6919622615085301\n",
      "<function r2_score at 0x7fc7b0219c80>\n",
      "Train:  1.0\n",
      "Test:  0.03487810077825004\n"
     ]
    },
    {
     "name": "stderr",
     "output_type": "stream",
     "text": [
      "/home/admin-u6015325/anaconda3/lib/python3.7/site-packages/sklearn/gaussian_process/gpr.py:346: UserWarning: Predicted variances smaller than 0. Setting those variances to 0.\n",
      "  warnings.warn(\"Predicted variances smaller than 0. \"\n"
     ]
    },
    {
     "data": {
