{
 "cells": [
  {
   "cell_type": "code",
   "execution_count": 1,
   "metadata": {},
   "outputs": [
    {
     "name": "stderr",
     "output_type": "stream",
     "text": [
      "/home/admin-u6015325/anaconda3/lib/python3.7/site-packages/statsmodels/tools/_testing.py:19: FutureWarning: pandas.util.testing is deprecated. Use the functions in the public API at pandas.testing instead.\n",
      "  import pandas.util.testing as tm\n"
     ]
    }
   ],
   "source": [
    "# direct to proper path\n",
    "import os\n",
    "import sys\n",
    "module_path = os.path.abspath(os.path.join('../..'))\n",
    "if module_path not in sys.path:\n",
    "    sys.path.append(module_path)\n",
    "    \n",
    "import numpy as np\n",
    "import pandas as pd\n",
    "import matplotlib.pyplot as plt\n",
    "import seaborn as sns\n",
    "import itertools\n",
    "from collections import defaultdict\n",
    "import math\n",
    "import json\n",
    "import xarray as xr\n",
    "\n",
    "from sklearn.gaussian_process import GaussianProcessRegressor\n",
    "from sklearn.gaussian_process.kernels import PairwiseKernel, DotProduct, RBF \n",
    "from sklearn.kernel_ridge import KernelRidge\n",
    "from sklearn.metrics import r2_score, mean_squared_error, make_scorer\n",
    "from sklearn.model_selection import KFold\n",
    "\n",
    "from codes.embedding import Embedding\n",
    "from codes.environment import Rewards_env\n",
    "from codes.ucb import GPUCB, Random\n",
    "from codes.evaluations import evaluate, plot_eva\n",
    "from codes.regression import *\n",
    "from codes.kernels_for_GPK import *\n",
    "\n",
    "from ipywidgets import IntProgress\n",
    "from IPython.display import display\n",
    "import warnings\n",
    "%matplotlib inline"
   ]
  },
  {
   "cell_type": "markdown",
   "metadata": {},
   "source": [
    "## debug kernel centering"
   ]
  },
  {
   "cell_type": "code",
   "execution_count": 2,
   "metadata": {},
   "outputs": [],
   "source": [
    "def center(kernel):\n",
    "    \"\"\"Center the kernel matrix, such that the mean (in feature space) is zero.\"\"\"\n",
    "    one_mat = np.ones(kernel.shape) # kernel shape, i.e. (n_train+n_test, n_train+n_test)\n",
    "    one_vec = np.ones((kernel.shape[0],)) # (n_train+n_test, 1)\n",
    "\n",
    "    row_sum = np.mean(kernel,axis=0).T # (n_train+n_test, 1)\n",
    "    print(row_sum)\n",
    "    print(row_sum.dot(one_vec.T))\n",
    "    print(one_vec.dot(row_sum.T))\n",
    "    print(np.mean(row_sum)*one_mat)\n",
    "    \n",
    "    kernel_centered = kernel - row_sum.dot(one_vec.T) - one_vec.dot(row_sum.T) +\\\n",
    "            np.mean(row_sum)*one_mat\n",
    "    return kernel_centered"
   ]
  },
  {
   "cell_type": "code",
   "execution_count": 3,
   "metadata": {},
   "outputs": [],
   "source": [
    "from numpy import array, matrix\n",
    "from numpy import zeros, ones, eye, diag\n",
    "from numpy import average, exp, kron, sum\n",
    "from numpy import sqrt, divide, mean, multiply\n",
    "\n",
    "\n",
    "def center(K):\n",
    "    \"\"\"Center the kernel matrix, such that the mean (in feature space) is zero.\"\"\"\n",
    "    one_mat = ones(K.shape) # 10,10\n",
    "    one_vec = ones((K.shape[0],1)) # 10,1\n",
    "\n",
    "    row_sum = mean(K,axis=0).T # 10,\n",
    "    row_sum = row_sum.reshape(row_sum.shape[0],1) # 10,1\n",
    "    R = K - row_sum.dot(one_vec.T) - one_vec.dot(row_sum.T) +\\\n",
    "        mean(row_sum)*one_mat\n",
    "    return R\n"
   ]
  },
  {
   "cell_type": "code",
   "execution_count": 4,
   "metadata": {},
   "outputs": [
    {
     "data": {
      "text/plain": [
       "array([[0.52625771, 0.59621727, 0.27665798, 0.51776889, 0.29170267,\n",
       "        0.80473319, 0.9941731 , 0.92515718, 0.90056585, 0.30249482],\n",
       "       [0.59621727, 1.62011899, 0.73879994, 1.05568521, 1.20710435,\n",
       "        1.84802919, 1.97835245, 1.51517986, 1.47887621, 0.51559961],\n",
       "       [0.27665798, 0.73879994, 0.67519127, 0.49702404, 0.8805017 ,\n",
       "        0.84511403, 0.98514457, 0.76131673, 0.85770379, 0.35192114],\n",
       "       [0.51776889, 1.05568521, 0.49702404, 1.47057381, 0.81098932,\n",
       "        1.50666413, 1.12226563, 1.33659659, 0.81377884, 0.54245012],\n",
       "       [0.29170267, 1.20710435, 0.8805017 , 0.81098932, 1.34285501,\n",
       "        1.44462616, 1.3978213 , 1.01140176, 1.06315588, 0.41730165],\n",
       "       [0.80473319, 1.84802919, 0.84511403, 1.50666413, 1.44462616,\n",
       "        2.56677266, 2.29225867, 1.88681796, 1.71227438, 0.56280992],\n",
       "       [0.9941731 , 1.97835245, 0.98514457, 1.12226563, 1.3978213 ,\n",
       "        2.29225867, 2.77620279, 2.10539621, 2.27437569, 0.68499465],\n",
       "       [0.92515718, 1.51517986, 0.76131673, 1.33659659, 1.01140176,\n",
       "        1.88681796, 2.10539621, 1.93026888, 1.76541507, 0.70185112],\n",
       "       [0.90056585, 1.47887621, 0.85770379, 0.81377884, 1.06315588,\n",
       "        1.71227438, 2.27437569, 1.76541507, 1.9874287 , 0.60234872],\n",
       "       [0.30249482, 0.51559961, 0.35192114, 0.54245012, 0.41730165,\n",
       "        0.56280992, 0.68499465, 0.70185112, 0.60234872, 0.32532578]])"
      ]
     },
     "execution_count": 4,
     "metadata": {},
     "output_type": "execute_result"
    }
   ],
   "source": [
    "phi = np.random.rand(10,5) # 10,5\n",
    "k = phi.dot(phi.T) # 10,10\n",
    "k"
   ]
  },
  {
   "cell_type": "code",
   "execution_count": 5,
   "metadata": {},
   "outputs": [
    {
     "data": {
      "text/plain": [
       "(array([-4.45100704e-16, -7.33771039e-17, -4.11207586e-17,  3.62342268e-17,\n",
       "         1.52653865e-16,  1.68823477e-01,  1.99656959e-01,  9.67173856e-01,\n",
       "         1.11478328e+00,  1.81217496e+00]),\n",
       " array([[-5.78491953e-01, -7.39633839e-02,  1.80875629e-02,\n",
       "         -5.23314120e-02, -1.05962875e-01,  2.51982064e-01,\n",
       "         -5.56834245e-01,  3.43326223e-01,  3.19133541e-01,\n",
       "         -2.28701031e-01],\n",
       "        [-1.88836512e-01,  1.55388169e-01, -3.58184103e-01,\n",
       "          1.66811533e-01, -3.22658505e-01,  7.23538194e-01,\n",
       "          2.82384947e-01, -1.64802893e-01, -1.47678046e-01,\n",
       "          1.66575098e-01],\n",
       "        [-1.60956129e-01,  4.44990402e-01, -5.91036120e-01,\n",
       "         -1.78971992e-01,  1.49254003e-01, -2.78698585e-01,\n",
       "         -3.76035314e-02, -3.81173482e-01,  1.89654827e-01,\n",
       "         -3.34807612e-01],\n",
       "        [-1.75672915e-01,  1.56721596e-01,  3.81123054e-02,\n",
       "         -4.74641230e-01, -3.34806351e-01, -1.52809523e-01,\n",
       "          2.65760275e-01,  3.84128165e-01, -5.20746617e-01,\n",
       "         -3.05015524e-01],\n",
       "        [-4.59784621e-01, -9.68197709e-02,  4.62652815e-01,\n",
       "          1.80552280e-01, -2.29231247e-01, -1.69457912e-01,\n",
       "          3.90945597e-02, -6.31543311e-01, -1.60729706e-01,\n",
       "         -1.58445435e-01],\n",
       "        [ 5.76012282e-02,  4.54654164e-01,  6.71741717e-04,\n",
       "          1.83253084e-01, -2.46828613e-02, -8.15737811e-02,\n",
       "         -6.10182496e-01, -1.42326281e-02, -5.21317817e-01,\n",
       "          3.23772309e-01],\n",
       "        [-3.09621085e-01,  3.37057943e-01,  3.07269616e-01,\n",
       "         -4.91341935e-01,  3.20591870e-01,  9.28362444e-02,\n",
       "          1.72070515e-01, -5.12721976e-02,  1.84583326e-01,\n",
       "          5.26297818e-01],\n",
       "        [-4.17795730e-01,  1.49030513e-01, -1.09472790e-01,\n",
       "          5.90078664e-01,  1.46136146e-01, -3.48968893e-01,\n",
       "          3.51457362e-01,  3.86829927e-01,  1.78502361e-02,\n",
       "          1.62622726e-01],\n",
       "        [ 1.51282471e-01,  1.91164068e-01,  1.70887702e-02,\n",
       "         -2.74600546e-02, -7.55095794e-01, -2.88170885e-01,\n",
       "         -1.12375043e-02,  2.88970879e-02,  4.47848764e-01,\n",
       "          2.91173276e-01],\n",
       "        [ 2.54745580e-01,  5.99466004e-01,  4.47058980e-01,\n",
       "          2.35744490e-01,  5.32026511e-02,  2.51323076e-01,\n",
       "          1.05090117e-01,  9.98431093e-02,  1.91401490e-01,\n",
       "         -4.43471626e-01]]))"
      ]
     },
     "execution_count": 5,
     "metadata": {},
     "output_type": "execute_result"
    }
   ],
   "source": [
    "phi_centered = phi - np.mean(phi, axis = 0)\n",
    "k_centered_by_phi = phi_centered.dot(phi_centered.T)\n",
    "np.linalg.eigh(k_centered_by_phi)"
   ]
  },
  {
   "cell_type": "code",
   "execution_count": 6,
   "metadata": {},
   "outputs": [
    {
     "data": {
      "text/plain": [
       "array([[ 0.39495028, -0.1769136 ,  0.0719859 ,  0.03265467, -0.21277787,\n",
       "        -0.2600114 , -0.18465997,  0.01348248,  0.03723898,  0.28405051],\n",
       "       [-0.1769136 ,  0.20516468, -0.10769558, -0.07125245,  0.06080037,\n",
       "         0.14146116,  0.15769594, -0.03831827, -0.02627411, -0.14466815],\n",
       "       [ 0.0719859 , -0.10769558,  0.39715454, -0.06145483,  0.3026565 ,\n",
       "        -0.29299521, -0.26705315, -0.22372262, -0.07898773,  0.26011217],\n",
       "       [ 0.03265467, -0.07125245, -0.06145483,  0.6316528 , -0.04729801,\n",
       "         0.08811275, -0.41037423,  0.0711151 , -0.40335483,  0.17019902],\n",
       "       [-0.21277787,  0.06080037,  0.3026565 , -0.04729801,  0.46520136,\n",
       "         0.00670846, -0.15418488, -0.27344605, -0.17334411,  0.02568422],\n",
       "       [-0.2600114 ,  0.14146116, -0.29299521,  0.08811275,  0.00670846,\n",
       "         0.56859091,  0.17998845,  0.0417061 , -0.08448965, -0.38907155],\n",
       "       [-0.18465997,  0.15769594, -0.26705315, -0.41037423, -0.15418488,\n",
       "         0.17998845,  0.54984408,  0.14619587,  0.36352318, -0.3809753 ],\n",
       "       [ 0.01348248, -0.03831827, -0.22372262,  0.0711151 , -0.27344605,\n",
       "         0.0417061 ,  0.14619587,  0.23822692,  0.12172093, -0.09696046],\n",
       "       [ 0.03723898, -0.02627411, -0.07898773, -0.40335483, -0.17334411,\n",
       "        -0.08448965,  0.36352318,  0.12172093,  0.39208238, -0.14811504],\n",
       "       [ 0.28405051, -0.14466815,  0.26011217,  0.17019902,  0.02568422,\n",
       "        -0.38907155, -0.3809753 , -0.09696046, -0.14811504,  0.41974458]])"
      ]
     },
     "execution_count": 6,
     "metadata": {},
     "output_type": "execute_result"
    }
   ],
   "source": [
    "k_centered_by_phi"
   ]
  },
  {
   "cell_type": "code",
   "execution_count": 7,
   "metadata": {},
   "outputs": [
    {
     "data": {
      "text/plain": [
       "array([[ 0.39495028, -0.1769136 ,  0.0719859 ,  0.03265467, -0.21277787,\n",
       "        -0.2600114 , -0.18465997,  0.01348248,  0.03723898,  0.28405051],\n",
       "       [-0.1769136 ,  0.20516468, -0.10769558, -0.07125245,  0.06080037,\n",
       "         0.14146116,  0.15769594, -0.03831827, -0.02627411, -0.14466815],\n",
       "       [ 0.0719859 , -0.10769558,  0.39715454, -0.06145483,  0.3026565 ,\n",
       "        -0.29299521, -0.26705315, -0.22372262, -0.07898773,  0.26011217],\n",
       "       [ 0.03265467, -0.07125245, -0.06145483,  0.6316528 , -0.04729801,\n",
       "         0.08811275, -0.41037423,  0.0711151 , -0.40335483,  0.17019902],\n",
       "       [-0.21277787,  0.06080037,  0.3026565 , -0.04729801,  0.46520136,\n",
       "         0.00670846, -0.15418488, -0.27344605, -0.17334411,  0.02568422],\n",
       "       [-0.2600114 ,  0.14146116, -0.29299521,  0.08811275,  0.00670846,\n",
       "         0.56859091,  0.17998845,  0.0417061 , -0.08448965, -0.38907155],\n",
       "       [-0.18465997,  0.15769594, -0.26705315, -0.41037423, -0.15418488,\n",
       "         0.17998845,  0.54984408,  0.14619587,  0.36352318, -0.3809753 ],\n",
       "       [ 0.01348248, -0.03831827, -0.22372262,  0.0711151 , -0.27344605,\n",
       "         0.0417061 ,  0.14619587,  0.23822692,  0.12172093, -0.09696046],\n",
       "       [ 0.03723898, -0.02627411, -0.07898773, -0.40335483, -0.17334411,\n",
       "        -0.08448965,  0.36352318,  0.12172093,  0.39208238, -0.14811504],\n",
       "       [ 0.28405051, -0.14466815,  0.26011217,  0.17019902,  0.02568422,\n",
       "        -0.38907155, -0.3809753 , -0.09696046, -0.14811504,  0.41974458]])"
      ]
     },
     "execution_count": 7,
     "metadata": {},
     "output_type": "execute_result"
    }
   ],
   "source": [
    "center(k)"
   ]
  },
  {
   "cell_type": "code",
   "execution_count": 8,
   "metadata": {},
   "outputs": [
    {
     "data": {
      "text/plain": [
       "(array([-2.55033825e-16,  4.51087857e-17,  1.62287030e-16,  4.36416924e-16,\n",
       "         3.08269288e-15,  1.68823477e-01,  1.99656959e-01,  9.67173856e-01,\n",
       "         1.11478328e+00,  1.81217496e+00]),\n",
       " array([[ 2.33267728e-01,  1.61795144e-01, -3.28267684e-01,\n",
       "          2.95739319e-01,  2.80364889e-01,  2.51982064e-01,\n",
       "         -5.56834245e-01,  3.43326223e-01,  3.19133541e-01,\n",
       "         -2.28701031e-01],\n",
       "        [ 3.26106261e-01,  1.55913922e-01, -6.60826885e-02,\n",
       "         -3.06886592e-01,  3.01387483e-01,  7.23538194e-01,\n",
       "          2.82384947e-01, -1.64802893e-01, -1.47678046e-01,\n",
       "          1.66575098e-01],\n",
       "        [ 3.18582733e-01,  4.82148388e-01,  4.86082410e-01,\n",
       "         -5.15564631e-02,  2.33791693e-01, -2.78698585e-01,\n",
       "         -3.76035314e-02, -3.81173482e-01,  1.89654827e-01,\n",
       "         -3.34807612e-01],\n",
       "        [-2.85451211e-01,  4.34233939e-01, -1.63845476e-01,\n",
       "          2.13123327e-02,  3.11309663e-01, -1.52809523e-01,\n",
       "          2.65760275e-01,  3.84128165e-01, -5.20746617e-01,\n",
       "         -3.05015524e-01],\n",
       "        [ 2.37272115e-04, -2.78473109e-01, -4.97499751e-01,\n",
       "          2.73333428e-01,  3.46706199e-01, -1.69457912e-01,\n",
       "          3.90945597e-02, -6.31543311e-01, -1.60729706e-01,\n",
       "         -1.58445435e-01],\n",
       "        [-4.07167297e-04, -1.55770915e-01,  3.02670763e-01,\n",
       "         -1.40742144e-01,  3.29449561e-01, -8.15737811e-02,\n",
       "         -6.10182496e-01, -1.42326281e-02, -5.21317817e-01,\n",
       "          3.23772309e-01],\n",
       "        [-3.01139003e-01,  2.23110974e-01,  2.25767125e-01,\n",
       "          6.16999602e-01,  2.75611002e-01,  9.28362444e-02,\n",
       "          1.72070515e-01, -5.12721976e-02,  1.84583326e-01,\n",
       "          5.26297818e-01],\n",
       "        [ 6.02508186e-01, -3.41377006e-01,  5.21160375e-02,\n",
       "          1.11947139e-01,  2.88952664e-01, -3.48968893e-01,\n",
       "          3.51457362e-01,  3.86829927e-01,  1.78502361e-02,\n",
       "          1.62622726e-01],\n",
       "        [-2.72826360e-01,  9.17545886e-02, -2.74662132e-01,\n",
       "         -5.70492527e-01,  3.83264515e-01, -2.88170885e-01,\n",
       "         -1.12375043e-02,  2.88970879e-02,  4.47848764e-01,\n",
       "          2.91173276e-01],\n",
       "        [-3.57950085e-01, -5.01935730e-01,  3.95613701e-01,\n",
       "         -4.52181701e-02,  3.79341396e-01,  2.51323076e-01,\n",
       "          1.05090117e-01,  9.98431093e-02,  1.91401490e-01,\n",
       "         -4.43471626e-01]]))"
      ]
     },
     "execution_count": 8,
     "metadata": {},
     "output_type": "execute_result"
    }
   ],
   "source": [
    "np.linalg.eigh(center(k))"
   ]
  },
  {
   "cell_type": "markdown",
   "metadata": {},
   "source": [
    "## Plot for regression"
   ]
  },
  {
   "cell_type": "code",
   "execution_count": 9,
   "metadata": {},
   "outputs": [
    {
     "data": {
      "text/html": [
       "<div>\n",
       "<style scoped>\n",
       "    .dataframe tbody tr th:only-of-type {\n",
       "        vertical-align: middle;\n",
       "    }\n",
       "\n",
       "    .dataframe tbody tr th {\n",
       "        vertical-align: top;\n",
       "    }\n",
       "\n",
       "    .dataframe thead th {\n",
       "        text-align: right;\n",
       "    }\n",
       "</style>\n",
       "<table border=\"1\" class=\"dataframe\">\n",
       "  <thead>\n",
       "    <tr style=\"text-align: right;\">\n",
       "      <th></th>\n",
       "      <th>Unnamed: 0</th>\n",
       "      <th>Name</th>\n",
       "      <th>Group</th>\n",
       "      <th>RBS</th>\n",
       "      <th>RBS6</th>\n",
       "      <th>Rep1</th>\n",
       "      <th>Rep2</th>\n",
       "      <th>Rep3</th>\n",
       "      <th>Rep4</th>\n",
       "      <th>Rep5</th>\n",
       "      <th>Rep6</th>\n",
       "      <th>AVERAGE</th>\n",
       "      <th>STD</th>\n",
       "    </tr>\n",
       "  </thead>\n",
       "  <tbody>\n",
       "    <tr>\n",
       "      <th>0</th>\n",
       "      <td>0</td>\n",
       "      <td>RBS_1by1_0</td>\n",
       "      <td>reference</td>\n",
       "      <td>TTTAAGAAGGAGATATACAT</td>\n",
       "      <td>AGGAGA</td>\n",
       "      <td>1.616261</td>\n",
       "      <td>1.814182</td>\n",
       "      <td>1.760954</td>\n",
       "      <td>2.186207</td>\n",
       "      <td>2.028863</td>\n",
       "      <td>1.831982</td>\n",
       "      <td>1.881293</td>\n",
       "      <td>0.225819</td>\n",
       "    </tr>\n",
       "    <tr>\n",
       "      <th>1</th>\n",
       "      <td>1</td>\n",
       "      <td>RBS_1by1_1</td>\n",
       "      <td>bps_noncore</td>\n",
       "      <td>CTTAAGAAGGAGATATACAT</td>\n",
       "      <td>AGGAGA</td>\n",
       "      <td>1.166174</td>\n",
       "      <td>1.337018</td>\n",
       "      <td>1.417248</td>\n",
       "      <td>1.493800</td>\n",
       "      <td>1.713526</td>\n",
       "      <td>1.644568</td>\n",
       "      <td>1.425553</td>\n",
       "      <td>0.201725</td>\n",
       "    </tr>\n",
       "    <tr>\n",
       "      <th>2</th>\n",
       "      <td>2</td>\n",
       "      <td>RBS_1by1_2</td>\n",
       "      <td>bps_noncore</td>\n",
       "      <td>GTTAAGAAGGAGATATACAT</td>\n",
       "      <td>AGGAGA</td>\n",
       "      <td>0.604551</td>\n",
       "      <td>0.751384</td>\n",
       "      <td>0.851987</td>\n",
       "      <td>0.514929</td>\n",
       "      <td>0.577299</td>\n",
       "      <td>0.795227</td>\n",
       "      <td>0.660030</td>\n",
       "      <td>0.137994</td>\n",
       "    </tr>\n",
       "    <tr>\n",
       "      <th>3</th>\n",
       "      <td>3</td>\n",
       "      <td>RBS_1by1_3</td>\n",
       "      <td>bps_noncore</td>\n",
       "      <td>ATTAAGAAGGAGATATACAT</td>\n",
       "      <td>AGGAGA</td>\n",
       "      <td>1.221264</td>\n",
       "      <td>1.466278</td>\n",
       "      <td>1.270212</td>\n",
       "      <td>1.341040</td>\n",
       "      <td>1.395030</td>\n",
       "      <td>1.175433</td>\n",
       "      <td>1.338765</td>\n",
       "      <td>0.097386</td>\n",
       "    </tr>\n",
       "    <tr>\n",
       "      <th>4</th>\n",
       "      <td>4</td>\n",
       "      <td>RBS_1by1_4</td>\n",
       "      <td>bps_noncore</td>\n",
       "      <td>TCTAAGAAGGAGATATACAT</td>\n",
       "      <td>AGGAGA</td>\n",
       "      <td>1.160566</td>\n",
       "      <td>1.579025</td>\n",
       "      <td>1.171829</td>\n",
       "      <td>1.590670</td>\n",
       "      <td>1.411255</td>\n",
       "      <td>1.756862</td>\n",
       "      <td>1.382669</td>\n",
       "      <td>0.210012</td>\n",
       "    </tr>\n",
       "    <tr>\n",
       "      <th>5</th>\n",
       "      <td>5</td>\n",
       "      <td>RBS_1by1_5</td>\n",
       "      <td>bps_noncore</td>\n",
       "      <td>TGTAAGAAGGAGATATACAT</td>\n",
       "      <td>AGGAGA</td>\n",
       "      <td>0.288674</td>\n",
       "      <td>0.268222</td>\n",
       "      <td>0.486638</td>\n",
       "      <td>0.254308</td>\n",
       "      <td>0.342162</td>\n",
       "      <td>0.501763</td>\n",
       "      <td>0.328001</td>\n",
       "      <td>0.094759</td>\n",
       "    </tr>\n",
       "    <tr>\n",
       "      <th>6</th>\n",
       "      <td>6</td>\n",
       "      <td>RBS_1by1_6</td>\n",
       "      <td>bps_noncore</td>\n",
       "      <td>TATAAGAAGGAGATATACAT</td>\n",
       "      <td>AGGAGA</td>\n",
       "      <td>1.003687</td>\n",
       "      <td>1.116599</td>\n",
       "      <td>0.851400</td>\n",
       "      <td>0.866754</td>\n",
       "      <td>1.075506</td>\n",
       "      <td>1.462978</td>\n",
       "      <td>0.982789</td>\n",
       "      <td>0.120068</td>\n",
       "    </tr>\n",
       "    <tr>\n",
       "      <th>7</th>\n",
       "      <td>8</td>\n",
       "      <td>RBS_1by1_8</td>\n",
       "      <td>bps_noncore</td>\n",
       "      <td>TTGAAGAAGGAGATATACAT</td>\n",
       "      <td>AGGAGA</td>\n",
       "      <td>1.138820</td>\n",
       "      <td>1.342549</td>\n",
       "      <td>NaN</td>\n",
       "      <td>1.626269</td>\n",
       "      <td>1.423415</td>\n",
       "      <td>1.806580</td>\n",
       "      <td>1.382763</td>\n",
       "      <td>0.201720</td>\n",
       "    </tr>\n",
       "    <tr>\n",
       "      <th>8</th>\n",
       "      <td>9</td>\n",
       "      <td>RBS_1by1_9</td>\n",
       "      <td>bps_noncore</td>\n",
       "      <td>TTAAAGAAGGAGATATACAT</td>\n",
       "      <td>AGGAGA</td>\n",
       "      <td>0.508605</td>\n",
       "      <td>0.646307</td>\n",
       "      <td>1.153507</td>\n",
       "      <td>0.488646</td>\n",
       "      <td>0.406578</td>\n",
       "      <td>0.583543</td>\n",
       "      <td>0.640728</td>\n",
       "      <td>0.299326</td>\n",
       "    </tr>\n",
       "    <tr>\n",
       "      <th>9</th>\n",
       "      <td>10</td>\n",
       "      <td>RBS_1by1_10</td>\n",
       "      <td>bps_noncore</td>\n",
       "      <td>TTTCAGAAGGAGATATACAT</td>\n",
       "      <td>AGGAGA</td>\n",
       "      <td>1.119059</td>\n",
       "      <td>0.876151</td>\n",
       "      <td>0.624684</td>\n",
       "      <td>1.321343</td>\n",
       "      <td>1.066000</td>\n",
       "      <td>1.621663</td>\n",
       "      <td>1.001447</td>\n",
       "      <td>0.263620</td>\n",
       "    </tr>\n",
       "    <tr>\n",
       "      <th>10</th>\n",
       "      <td>11</td>\n",
       "      <td>RBS_1by1_11</td>\n",
       "      <td>bps_noncore</td>\n",
       "      <td>TTTGAGAAGGAGATATACAT</td>\n",
       "      <td>AGGAGA</td>\n",
       "      <td>1.283911</td>\n",
       "      <td>1.539243</td>\n",
       "      <td>1.148575</td>\n",
       "      <td>1.494674</td>\n",
       "      <td>1.453310</td>\n",
       "      <td>1.537578</td>\n",
       "      <td>1.383943</td>\n",
       "      <td>0.163245</td>\n",
       "    </tr>\n",
       "    <tr>\n",
       "      <th>11</th>\n",
       "      <td>12</td>\n",
       "      <td>RBS_1by1_12</td>\n",
       "      <td>bps_noncore</td>\n",
       "      <td>TTTTAGAAGGAGATATACAT</td>\n",
       "      <td>AGGAGA</td>\n",
       "      <td>1.317209</td>\n",
       "      <td>1.235531</td>\n",
       "      <td>1.308021</td>\n",
       "      <td>1.266237</td>\n",
       "      <td>1.101277</td>\n",
       "      <td>1.524180</td>\n",
       "      <td>1.245655</td>\n",
       "      <td>0.087150</td>\n",
       "    </tr>\n",
       "    <tr>\n",
       "      <th>12</th>\n",
       "      <td>13</td>\n",
       "      <td>RBS_1by1_13</td>\n",
       "      <td>bps_noncore</td>\n",
       "      <td>TTTACGAAGGAGATATACAT</td>\n",
       "      <td>AGGAGA</td>\n",
       "      <td>1.160075</td>\n",
       "      <td>1.204046</td>\n",
       "      <td>1.304789</td>\n",
       "      <td>1.434101</td>\n",
       "      <td>1.162095</td>\n",
       "      <td>1.708378</td>\n",
       "      <td>1.253021</td>\n",
       "      <td>0.117020</td>\n",
       "    </tr>\n",
       "    <tr>\n",
       "      <th>13</th>\n",
       "      <td>14</td>\n",
       "      <td>RBS_1by1_14</td>\n",
       "      <td>bps_noncore</td>\n",
       "      <td>TTTAGGAAGGAGATATACAT</td>\n",
       "      <td>AGGAGA</td>\n",
       "      <td>1.024250</td>\n",
       "      <td>1.181544</td>\n",
       "      <td>1.322261</td>\n",
       "      <td>1.297957</td>\n",
       "      <td>0.964613</td>\n",
       "      <td>1.304309</td>\n",
       "      <td>1.158125</td>\n",
       "      <td>0.160009</td>\n",
       "    </tr>\n",
       "    <tr>\n",
       "      <th>14</th>\n",
       "      <td>15</td>\n",
       "      <td>RBS_1by1_15</td>\n",
       "      <td>bps_noncore</td>\n",
       "      <td>TTTATGAAGGAGATATACAT</td>\n",
       "      <td>AGGAGA</td>\n",
       "      <td>0.533003</td>\n",
       "      <td>0.421151</td>\n",
       "      <td>1.001151</td>\n",
       "      <td>0.530198</td>\n",
       "      <td>0.271214</td>\n",
       "      <td>0.396950</td>\n",
       "      <td>0.551343</td>\n",
       "      <td>0.273191</td>\n",
       "    </tr>\n",
       "    <tr>\n",
       "      <th>15</th>\n",
       "      <td>16</td>\n",
       "      <td>RBS_1by1_16</td>\n",
       "      <td>bps_noncore</td>\n",
       "      <td>TTTAACAAGGAGATATACAT</td>\n",
       "      <td>AGGAGA</td>\n",
       "      <td>0.736579</td>\n",
       "      <td>0.804503</td>\n",
       "      <td>0.636605</td>\n",
       "      <td>0.707205</td>\n",
       "      <td>0.776160</td>\n",
       "      <td>1.083045</td>\n",
       "      <td>0.732210</td>\n",
       "      <td>0.065082</td>\n",
       "    </tr>\n",
       "    <tr>\n",
       "      <th>16</th>\n",
       "      <td>17</td>\n",
       "      <td>RBS_1by1_17</td>\n",
       "      <td>bps_noncore</td>\n",
       "      <td>TTTAAAAAGGAGATATACAT</td>\n",
       "      <td>AGGAGA</td>\n",
       "      <td>0.650018</td>\n",
       "      <td>0.505835</td>\n",
       "      <td>0.281489</td>\n",
       "      <td>0.549573</td>\n",
       "      <td>0.517683</td>\n",
       "      <td>0.992209</td>\n",
       "      <td>0.500920</td>\n",
       "      <td>0.135141</td>\n",
       "    </tr>\n",
       "    <tr>\n",
       "      <th>17</th>\n",
       "      <td>18</td>\n",
       "      <td>RBS_1by1_18</td>\n",
       "      <td>bps_noncore</td>\n",
       "      <td>TTTAATAAGGAGATATACAT</td>\n",
       "      <td>AGGAGA</td>\n",
       "      <td>0.693727</td>\n",
       "      <td>0.713169</td>\n",
       "      <td>0.411991</td>\n",
       "      <td>0.714282</td>\n",
       "      <td>0.607079</td>\n",
       "      <td>0.874170</td>\n",
       "      <td>0.628049</td>\n",
       "      <td>0.128565</td>\n",
       "    </tr>\n",
       "    <tr>\n",
       "      <th>18</th>\n",
       "      <td>19</td>\n",
       "      <td>RBS_1by1_19</td>\n",
       "      <td>bps_noncore</td>\n",
       "      <td>TTTAAGCAGGAGATATACAT</td>\n",
       "      <td>AGGAGA</td>\n",
       "      <td>0.384834</td>\n",
       "      <td>0.266060</td>\n",
       "      <td>0.582967</td>\n",
       "      <td>0.365430</td>\n",
       "      <td>0.369579</td>\n",
       "      <td>0.667456</td>\n",
       "      <td>0.393774</td>\n",
       "      <td>0.115730</td>\n",
       "    </tr>\n",
       "    <tr>\n",
       "      <th>19</th>\n",
       "      <td>20</td>\n",
       "      <td>RBS_1by1_20</td>\n",
       "      <td>bps_noncore</td>\n",
       "      <td>TTTAAGGAGGAGATATACAT</td>\n",
       "      <td>AGGAGA</td>\n",
       "      <td>0.699967</td>\n",
       "      <td>1.266589</td>\n",
       "      <td>0.598529</td>\n",
       "      <td>0.954899</td>\n",
       "      <td>0.426798</td>\n",
       "      <td>1.242676</td>\n",
       "      <td>0.789356</td>\n",
       "      <td>0.328256</td>\n",
       "    </tr>\n",
       "  </tbody>\n",
       "</table>\n",
       "</div>"
      ],
      "text/plain": [
       "    Unnamed: 0         Name        Group                   RBS    RBS6  \\\n",
       "0            0   RBS_1by1_0    reference  TTTAAGAAGGAGATATACAT  AGGAGA   \n",
       "1            1   RBS_1by1_1  bps_noncore  CTTAAGAAGGAGATATACAT  AGGAGA   \n",
       "2            2   RBS_1by1_2  bps_noncore  GTTAAGAAGGAGATATACAT  AGGAGA   \n",
       "3            3   RBS_1by1_3  bps_noncore  ATTAAGAAGGAGATATACAT  AGGAGA   \n",
       "4            4   RBS_1by1_4  bps_noncore  TCTAAGAAGGAGATATACAT  AGGAGA   \n",
       "5            5   RBS_1by1_5  bps_noncore  TGTAAGAAGGAGATATACAT  AGGAGA   \n",
       "6            6   RBS_1by1_6  bps_noncore  TATAAGAAGGAGATATACAT  AGGAGA   \n",
       "7            8   RBS_1by1_8  bps_noncore  TTGAAGAAGGAGATATACAT  AGGAGA   \n",
       "8            9   RBS_1by1_9  bps_noncore  TTAAAGAAGGAGATATACAT  AGGAGA   \n",
       "9           10  RBS_1by1_10  bps_noncore  TTTCAGAAGGAGATATACAT  AGGAGA   \n",
       "10          11  RBS_1by1_11  bps_noncore  TTTGAGAAGGAGATATACAT  AGGAGA   \n",
       "11          12  RBS_1by1_12  bps_noncore  TTTTAGAAGGAGATATACAT  AGGAGA   \n",
       "12          13  RBS_1by1_13  bps_noncore  TTTACGAAGGAGATATACAT  AGGAGA   \n",
       "13          14  RBS_1by1_14  bps_noncore  TTTAGGAAGGAGATATACAT  AGGAGA   \n",
       "14          15  RBS_1by1_15  bps_noncore  TTTATGAAGGAGATATACAT  AGGAGA   \n",
       "15          16  RBS_1by1_16  bps_noncore  TTTAACAAGGAGATATACAT  AGGAGA   \n",
       "16          17  RBS_1by1_17  bps_noncore  TTTAAAAAGGAGATATACAT  AGGAGA   \n",
       "17          18  RBS_1by1_18  bps_noncore  TTTAATAAGGAGATATACAT  AGGAGA   \n",
       "18          19  RBS_1by1_19  bps_noncore  TTTAAGCAGGAGATATACAT  AGGAGA   \n",
       "19          20  RBS_1by1_20  bps_noncore  TTTAAGGAGGAGATATACAT  AGGAGA   \n",
       "\n",
       "        Rep1      Rep2      Rep3      Rep4      Rep5      Rep6   AVERAGE  \\\n",
       "0   1.616261  1.814182  1.760954  2.186207  2.028863  1.831982  1.881293   \n",
       "1   1.166174  1.337018  1.417248  1.493800  1.713526  1.644568  1.425553   \n",
       "2   0.604551  0.751384  0.851987  0.514929  0.577299  0.795227  0.660030   \n",
       "3   1.221264  1.466278  1.270212  1.341040  1.395030  1.175433  1.338765   \n",
       "4   1.160566  1.579025  1.171829  1.590670  1.411255  1.756862  1.382669   \n",
       "5   0.288674  0.268222  0.486638  0.254308  0.342162  0.501763  0.328001   \n",
       "6   1.003687  1.116599  0.851400  0.866754  1.075506  1.462978  0.982789   \n",
       "7   1.138820  1.342549       NaN  1.626269  1.423415  1.806580  1.382763   \n",
       "8   0.508605  0.646307  1.153507  0.488646  0.406578  0.583543  0.640728   \n",
       "9   1.119059  0.876151  0.624684  1.321343  1.066000  1.621663  1.001447   \n",
       "10  1.283911  1.539243  1.148575  1.494674  1.453310  1.537578  1.383943   \n",
       "11  1.317209  1.235531  1.308021  1.266237  1.101277  1.524180  1.245655   \n",
       "12  1.160075  1.204046  1.304789  1.434101  1.162095  1.708378  1.253021   \n",
       "13  1.024250  1.181544  1.322261  1.297957  0.964613  1.304309  1.158125   \n",
       "14  0.533003  0.421151  1.001151  0.530198  0.271214  0.396950  0.551343   \n",
       "15  0.736579  0.804503  0.636605  0.707205  0.776160  1.083045  0.732210   \n",
       "16  0.650018  0.505835  0.281489  0.549573  0.517683  0.992209  0.500920   \n",
       "17  0.693727  0.713169  0.411991  0.714282  0.607079  0.874170  0.628049   \n",
       "18  0.384834  0.266060  0.582967  0.365430  0.369579  0.667456  0.393774   \n",
       "19  0.699967  1.266589  0.598529  0.954899  0.426798  1.242676  0.789356   \n",
       "\n",
       "         STD  \n",
       "0   0.225819  \n",
       "1   0.201725  \n",
       "2   0.137994  \n",
       "3   0.097386  \n",
       "4   0.210012  \n",
       "5   0.094759  \n",
       "6   0.120068  \n",
       "7   0.201720  \n",
       "8   0.299326  \n",
       "9   0.263620  \n",
       "10  0.163245  \n",
       "11  0.087150  \n",
       "12  0.117020  \n",
       "13  0.160009  \n",
       "14  0.273191  \n",
       "15  0.065082  \n",
       "16  0.135141  \n",
       "17  0.128565  \n",
       "18  0.115730  \n",
       "19  0.328256  "
      ]
     },
     "execution_count": 9,
     "metadata": {},
     "output_type": "execute_result"
    }
   ],
   "source": [
    "Path = '../../data/firstRound_Microplate_normTrue_formatSeq_logTrue.csv'\n",
    "\n",
    "df = pd.read_csv(Path)\n",
    "df.head(20)"
   ]
  },
  {
   "cell_type": "code",
   "execution_count": 10,
   "metadata": {},
   "outputs": [
    {
     "name": "stdout",
     "output_type": "stream",
     "text": [
      "X train shape:  (704, 20)\n",
      "X test shape:  (35, 20)\n",
      "create kernel instance\n",
      "finish creating kernel instance\n",
      "Train:  0.2334410370867702\n",
      "Test:  0.5397819118905731\n"
     ]
    },
    {
     "name": "stderr",
     "output_type": "stream",
     "text": [
      "/home/admin-u6015325/anaconda3/lib/python3.7/site-packages/sklearn/gaussian_process/gpr.py:346: UserWarning: Predicted variances smaller than 0. Setting those variances to 0.\n",
      "  warnings.warn(\"Predicted variances smaller than 0. \"\n"
     ]
    },
    {
     "data": {
